Average assembly capacity: 21192,92 mA*h
Assembly 1 capacity 21193 mA*h: (87; 2505) (115; 1572) (3; 2533) (102; 1454) (57; 2581) (36; 2629) (59; 2605) (72; 2712) (58; 2602)
Assembly 2 capacity 21193 mA*h: (6; 2788) (75; 2725) (38; 2572) (8; 2540) (26; 2614) (98; 1472) (103; 1461) (15; 2492) (88; 2529)
Assembly 3 capacity 21193 mA*h: (77; 2481) (14; 2555) (17; 2581) (1; 2504) (79; 2542) (100; 1450) (37; 2595) (122; 1705) (11; 2780)
Assembly 4 capacity 21193 mA*h: (25; 2648) (62; 2635) (101; 1454) (40; 2548) (97; 1415) (24; 2598) (18; 2606) (46; 2617) (54; 2672)
Assembly 5 capacity 21193 mA*h: (107; 1426) (86; 2532) (44; 2587) (111; 1548) (21; 2553) (70; 2567) (32; 2601) (80; 2734) (53; 2645)
Assembly 6 capacity 21193 mA*h: (109; 1421) (118; 1434) (35; 2594) (33; 2553) (68; 2552) (89; 2576) (10; 2573) (82; 2812) (64; 2678)
Assembly 7 capacity 21193 mA*h: (114; 1606) (43; 2542) (116; 1415) (9; 2570) (31; 2535) (22; 2622) (45; 2596) (49; 2676) (65; 2631)
Assembly 8 capacity 21193 mA*h: (71; 2548) (52; 2605) (78; 2468) (56; 2665) (92; 1702) (28; 2577) (73; 2639) (13; 2545) (120; 1444)
Assembly 9 capacity 21193 mA*h: (66; 2657) (29; 2572) (76; 2417) (90; 2509) (85; 2428) (27; 2623) (113; 1715) (39; 2603) (110; 1669)
Assembly 10 capacity 21193 mA*h: (23; 2586) (48; 2621) (19; 2626) (112; 1377) (4; 2568) (16; 2618) (106; 1447) (47; 2646) (74; 2704)
Assembly 11 capacity 21193 mA*h: (95; 1466) (20; 2611) (34; 2602) (12; 2591) (119; 1477) (69; 2504) (60; 2530) (83; 2725) (51; 2687)
Assembly 12 capacity 21193 mA*h: (81; 2777) (91; 2570) (5; 2599) (30; 2597) (61; 2579) (105; 1383) (96; 1446) (67; 2643) (41; 2599)
Assembly 13 capacity 21192 mA*h: (55; 2696) (50; 2656) (121; 1739) (42; 2618) (7; 2491) (63; 2550) (2; 2506) (99; 1404) (84; 2532)