Average assembly capacity: 21192,92 mA*h
Assembly 1 capacity 21193 mA*h: (82; 2812) (6; 2788) (11; 2780) (81; 2777) (80; 2734) (75; 2725) (121; 1739) (118; 1434) (99; 1404)
Assembly 2 capacity 21193 mA*h: (83; 2725) (72; 2712) (74; 2704) (55; 2696) (51; 2687) (50; 2656) (122; 1705) (92; 1702) (114; 1606)
Assembly 3 capacity 21193 mA*h: (64; 2678) (49; 2676) (54; 2672) (56; 2665) (66; 2657) (32; 2601) (76; 2417) (120; 1444) (105; 1383)
Assembly 4 capacity 21193 mA*h: (25; 2648) (47; 2646) (53; 2645) (67; 2643) (73; 2639) (62; 2635) (78; 2468) (101; 1454) (97; 1415)
Assembly 5 capacity 21193 mA*h: (65; 2631) (36; 2629) (19; 2626) (27; 2623) (22; 2622) (48; 2621) (52; 2605) (109; 1421) (116; 1415)
Assembly 6 capacity 21193 mA*h: (16; 2618) (42; 2618) (46; 2617) (26; 2614) (20; 2611) (18; 2606) (59; 2605) (102; 1454) (100; 1450)
Assembly 7 capacity 21193 mA*h: (39; 2603) (34; 2602) (58; 2602) (5; 2599) (41; 2599) (24; 2598) (45; 2596) (111; 1548) (96; 1446)
Assembly 8 capacity 21193 mA*h: (30; 2597) (37; 2595) (35; 2594) (12; 2591) (44; 2587) (23; 2586) (40; 2548) (110; 1669) (107; 1426)
Assembly 9 capacity 21193 mA*h: (17; 2581) (57; 2581) (61; 2579) (28; 2577) (89; 2576) (10; 2573) (63; 2550) (113; 1715) (103; 1461)
Assembly 10 capacity 21358 mA*h: (2; 2506) (87; 2505) (1; 2504) (69; 2504) (15; 2492) (7; 2491) (77; 2481) (85; 2428) (106; 1447)
Assembly 11 capacity 21023 mA*h: (29; 2572) (38; 2572) (9; 2570) (91; 2570) (4; 2568) (70; 2567) (14; 2555) (115; 1572) (119; 1477)
Assembly 12 capacity 20773 mA*h: (21; 2553) (33; 2553) (68; 2552) (71; 2548) (13; 2545) (43; 2542) (79; 2542) (98; 1472) (95; 1466)
Assembly 13 capacity 21617 mA*h: (8; 2540) (31; 2535) (3; 2533) (84; 2532) (86; 2532) (60; 2530) (88; 2529) (90; 2509) (112; 1377)